Time,Temperature
 2025-07-07 18:48:23.8282,31.724072
 2025-07-07 18:48:24.8282,31.692994
 2025-07-07 18:48:25.8282,31.708533
 2025-07-07 18:48:25.8283,31.739611
 2025-07-07 18:48:25.8284,31.745826
 2025-07-07 18:48:25.8285,31.728734
 2025-07-07 18:48:25.8286,31.734949
 2025-07-07 18:48:25.8287,31.733395
 2025-07-07 18:48:25.8288,31.731842
 2025-07-07 18:48:25.8289,31.738057
 2025-07-07 18:48:25.8290,31.736503
 2025-07-07 18:48:25.8291,31.742719
 2025-07-07 18:48:25.8292,31.741165
 2025-07-07 18:48:25.8293,31.739611
 2025-07-07 18:48:25.8294,31.731841
 2025-07-07 18:48:25.8295,31.731841
 2025-07-07 18:48:25.8296,31.74738
 2025-07-07 18:48:25.8297,31.74738
 2025-07-07 18:48:25.8298,31.74738
 2025-07-07 18:48:25.8299,31.73961
 2025-07-07 18:48:25.8300,31.73961
 2025-07-07 18:48:25.8301,31.73961
 2025-07-07 18:48:25.8302,31.731841
 2025-07-07 18:48:25.8303,31.73961
 2025-07-07 18:48:25.8304,31.73961
 2025-07-07 18:48:25.8305,31.73961
 2025-07-07 18:48:25.8306,31.724072
 2025-07-07 18:48:25.8307,31.724072
 2025-07-07 18:48:25.8308,31.708533
 2025-07-07 18:48:25.8309,31.708533
 2025-07-07 18:48:25.8310,31.716302
 2025-07-07 18:48:25.8311,31.716302
 2025-07-07 18:48:25.8312,31.724072
 2025-07-07 18:48:25.8313,31.716302
 2025-07-07 18:48:25.8314,31.708533
 2025-07-07 18:48:25.8315,31.700763
 2025-07-07 18:48:25.8316,31.700763
 2025-07-07 18:48:25.8317,31.708533
 2025-07-07 18:48:25.8318,31.708533
 2025-07-07 18:48:25.8319,31.716302
 2025-07-07 18:48:25.8320,31.724072
 2025-07-07 18:48:25.8321,31.716302
 2025-07-07 18:48:25.8322,31.708533
 2025-07-07 18:48:25.8323,31.700764
 2025-07-07 18:48:25.8324,31.708533
 2025-07-07 18:48:25.8325,31.708533
 2025-07-07 18:48:25.8326,31.716303
 2025-07-07 18:48:25.8327,31.724073
 2025-07-07 18:48:25.8328,31.724073
 2025-07-07 18:48:25.8329,31.731842
 2025-07-07 18:48:25.8330,31.716303
 2025-07-07 18:48:25.8331,31.708534
 2025-07-07 18:48:25.8332,31.724073
 2025-07-07 18:48:25.8333,31.716303
 2025-07-07 18:48:25.8334,31.716303
 2025-07-07 18:48:25.8335,31.724072
 2025-07-07 18:48:25.8336,31.724072
 2025-07-07 18:48:25.8337,31.724072
 2025-07-07 18:48:25.8338,31.716302
 2025-07-07 18:48:25.8339,31.716302
 2025-07-07 18:48:25.8340,31.716302
 2025-07-07 18:48:25.8341,31.724072
 2025-07-07 18:48:25.8342,31.724072
 2025-07-07 18:48:25.8343,31.716302
 2025-07-07 18:48:25.8344,31.731841
 2025-07-07 18:48:25.8345,31.73961
 2025-07-07 18:48:25.8346,31.731841
 2025-07-07 18:48:25.8347,31.731841
 2025-07-07 18:48:25.8348,31.731841
 2025-07-07 18:48:25.8349,31.739611
 2025-07-07 18:48:25.8350,31.739611
 2025-07-07 18:48:25.8351,31.731842
 2025-07-07 18:48:25.8352,31.731842
 2025-07-07 18:48:25.8353,31.724072
 2025-07-07 18:48:25.8354,31.716302
 2025-07-07 18:48:25.8355,31.708533
 2025-07-07 18:48:25.8356,31.700764
 2025-07-07 18:48:25.8357,31.700764
 2025-07-07 18:48:25.8358,31.700764
 2025-07-07 18:48:25.8359,31.700764
 2025-07-07 18:48:25.8360,31.700764
 2025-07-07 18:48:25.8361,31.700764
 2025-07-07 18:48:25.8362,31.692995
 2025-07-07 18:48:25.8363,31.708533
 2025-07-07 18:48:25.8364,31.716303
 2025-07-07 18:48:25.8365,31.724073
 2025-07-07 18:48:25.8366,31.731842
 2025-07-07 18:48:25.8367,31.731842
 2025-07-07 18:48:25.8368,31.731842
 2025-07-07 18:48:25.8369,31.724072
 2025-07-07 18:48:25.8370,31.731841
 2025-07-07 18:48:25.8371,31.731841
 2025-07-07 18:48:25.8372,31.73961
 2025-07-07 18:48:25.8373,31.73961
 2025-07-07 18:48:25.8374,31.731841
 2025-07-07 18:48:25.8375,31.73961
 2025-07-07 18:48:25.8376,31.73961
 2025-07-07 18:48:25.8377,31.731841
 2025-07-07 18:48:25.8378,31.724072
 2025-07-07 18:48:25.8379,31.716302
 2025-07-07 18:48:25.8380,31.731841
 2025-07-07 18:48:25.8381,31.724072
 2025-07-07 18:48:25.8382,31.724072
 2025-07-07 18:48:25.8383,31.724072
 2025-07-07 18:48:25.8384,31.731841
 2025-07-07 18:48:25.8385,31.73961
 2025-07-07 18:48:25.8386,31.731841
 2025-07-07 18:48:25.8387,31.731841
 2025-07-07 18:48:25.8388,31.73961
 2025-07-07 18:48:25.8389,31.74738
 2025-07-07 18:48:25.8390,31.75515
 2025-07-07 18:48:25.8391,31.75515
 2025-07-07 18:48:25.8392,31.75515
 2025-07-07 18:48:25.8393,31.75515
 2025-07-07 18:48:25.8394,31.75515
 2025-07-07 18:48:25.8395,31.75515
 2025-07-07 18:48:25.8396,31.75515
 2025-07-07 18:48:25.8397,31.74738
 2025-07-07 18:48:25.8398,31.73961
 2025-07-07 18:48:25.8399,31.731841
 2025-07-07 18:48:25.8400,31.724072
 2025-07-07 18:48:25.8401,31.731841
 2025-07-07 18:48:25.8402,31.724072
 2025-07-07 18:48:25.8403,31.724072
 2025-07-07 18:48:25.8404,31.724072
 2025-07-07 18:48:25.8405,31.708533
 2025-07-07 18:48:25.8406,31.716302
 2025-07-07 18:48:25.8407,31.716302
 2025-07-07 18:48:25.8408,31.73961
 2025-07-07 18:48:25.8409,31.73961
 2025-07-07 18:48:25.8410,31.73184
 2025-07-07 18:48:25.8411,31.73961
 2025-07-07 18:48:25.8412,31.731841
 2025-07-07 18:48:25.8413,31.73961
 2025-07-07 18:48:25.8414,31.73961
 2025-07-07 18:48:25.8415,31.747379
 2025-07-07 18:48:25.8416,31.755148
 2025-07-07 18:48:25.8417,31.755148
 2025-07-07 18:48:25.8418,31.747379
 2025-07-07 18:48:25.8419,31.73961
 2025-07-07 18:48:25.8420,31.755149
 2025-07-07 18:48:25.8421,31.755149
 2025-07-07 18:48:25.8422,31.747379
 2025-07-07 18:48:25.8423,31.755148
 2025-07-07 18:48:25.8424,31.73961
 2025-07-07 18:48:25.8425,31.73961
 2025-07-07 18:48:25.8426,31.724071
 2025-07-07 18:48:25.8427,31.724071
 2025-07-07 18:48:25.8428,31.716302
 2025-07-07 18:48:25.8429,31.716302
 2025-07-07 18:48:25.8430,31.716302
 2025-07-07 18:48:25.8431,31.708533
 2025-07-07 18:48:25.8432,31.716302
 2025-07-07 18:48:25.8433,31.724072
 2025-07-07 18:48:25.8434,31.716303
 2025-07-07 18:48:25.8435,31.724073
 2025-07-07 18:48:25.8436,31.724073
 2025-07-07 18:48:25.8437,31.739612
 2025-07-07 18:48:25.8438,31.739612
 2025-07-07 18:48:25.8439,31.739612
 2025-07-07 18:48:25.8440,31.731842
 2025-07-07 18:48:25.8441,31.731842
 2025-07-07 18:48:25.8442,31.739611
 2025-07-07 18:48:25.8443,31.731841
 2025-07-07 18:48:25.8444,31.73961
 2025-07-07 18:48:25.8445,31.724072
 2025-07-07 18:48:25.8446,31.724072
 2025-07-07 18:48:25.8447,31.724072
 2025-07-07 18:48:25.8448,31.731841
 2025-07-07 18:48:25.8449,31.73961
 2025-07-07 18:48:25.8450,31.73184
 2025-07-07 18:48:25.8451,31.73961
 2025-07-07 18:48:25.8452,31.731841
 2025-07-07 18:48:25.8453,31.716302
 2025-07-07 18:48:25.8454,31.724072
 2025-07-07 18:48:25.8455,31.708533
 2025-07-07 18:48:25.8456,31.731841
 2025-07-07 18:48:25.8457,31.731841
 2025-07-07 18:48:25.8458,31.731841
 2025-07-07 18:48:25.8459,31.724072
 2025-07-07 18:48:25.8460,31.716302
 2025-07-07 18:48:25.8461,31.716302
 2025-07-07 18:48:25.8462,31.716302
 2025-07-07 18:48:25.8463,31.716302
 2025-07-07 18:48:25.8464,31.724072
 2025-07-07 18:48:25.8465,31.716302
 2025-07-07 18:48:25.8466,31.731841
 2025-07-07 18:48:25.8467,31.731841
 2025-07-07 18:48:25.8468,31.73961
 2025-07-07 18:48:25.8469,31.747379
 2025-07-07 18:48:25.8470,31.73961
 2025-07-07 18:48:25.8471,31.755148
 2025-07-07 18:48:25.8472,31.755148
 2025-07-07 18:48:25.8473,31.762917
 2025-07-07 18:48:25.8474,31.762917
 2025-07-07 18:48:25.8475,31.762917
 2025-07-07 18:48:25.8476,31.778456
 2025-07-07 18:48:25.8477,31.770687
 2025-07-07 18:48:25.8478,31.762918
 2025-07-07 18:48:25.8479,31.755149
 2025-07-07 18:48:25.8480,31.74738
 2025-07-07 18:48:25.8481,31.755149
 2025-07-07 18:48:25.8482,31.739611
 2025-07-07 18:48:25.8483,31.747381
 2025-07-07 18:48:25.8484,31.731842
 2025-07-07 18:48:25.8485,31.724072
 2025-07-07 18:48:25.8486,31.716302
 2025-07-07 18:48:25.8487,31.716302
 2025-07-07 18:48:25.8488,31.716302
 2025-07-07 18:48:25.8489,31.724072
 2025-07-07 18:48:25.8490,31.724072
 2025-07-07 18:48:25.8491,31.724072
 2025-07-07 18:48:25.8492,31.716302
 2025-07-07 18:48:25.8493,31.716302
 2025-07-07 18:48:25.8494,31.716302
 2025-07-07 18:48:25.8495,31.731841
 2025-07-07 18:48:25.8496,31.74738
 2025-07-07 18:48:25.8497,31.74738
 2025-07-07 18:48:25.8498,31.739611
 2025-07-07 18:48:25.8499,31.739611
 2025-07-07 18:48:25.8500,31.716303
 2025-07-07 18:48:25.8501,31.716303
 2025-07-07 18:48:25.8502,31.716303
 2025-07-07 18:48:25.8503,31.724072
 2025-07-07 18:48:25.8504,31.724072
 2025-07-07 18:48:25.8505,31.716302
 2025-07-07 18:48:25.8506,31.708533
 2025-07-07 18:48:25.8507,31.708533
 2025-07-07 18:48:25.8508,31.716303
 2025-07-07 18:48:25.8509,31.716303
 2025-07-07 18:48:25.8510,31.708533
 2025-07-07 18:48:25.8511,31.731841
 2025-07-07 18:48:25.8512,31.73961
 2025-07-07 18:48:25.8513,31.73961
 2025-07-07 18:48:25.8514,31.731841
 2025-07-07 18:48:25.8515,31.724072
 2025-07-07 18:48:25.8516,31.724072
 2025-07-07 18:48:25.8517,31.724072
 2025-07-07 18:48:25.8518,31.716302
 2025-07-07 18:48:25.8519,31.708533
 2025-07-07 18:48:25.8520,31.708533
 2025-07-07 18:48:25.8521,31.716302
 2025-07-07 18:48:25.8522,31.708533
 2025-07-07 18:48:25.8523,31.700764
 2025-07-07 18:48:25.8524,31.692995
 2025-07-07 18:48:25.8525,31.692995
 2025-07-07 18:48:25.8526,31.700764
 2025-07-07 18:48:25.8527,31.708534
 2025-07-07 18:48:25.8528,31.708534
 2025-07-07 18:48:25.8529,31.716303
 2025-07-07 18:48:25.8530,31.724073
 2025-07-07 18:48:25.8531,31.724073
 2025-07-07 18:48:25.8532,31.731842
 2025-07-07 18:48:25.8533,31.724072
 2025-07-07 18:48:25.8534,31.731841
 2025-07-07 18:48:25.8535,31.739611
 2025-07-07 18:48:25.8536,31.739611
 2025-07-07 18:48:25.8537,31.731841
 2025-07-07 18:48:25.8538,31.731841
 2025-07-07 18:48:25.8539,31.731841
 2025-07-07 18:48:25.8540,31.724072
 2025-07-07 18:48:25.8541,31.716302
 2025-07-07 18:48:25.8542,31.724072
 2025-07-07 18:48:25.8543,31.708533
 2025-07-07 18:48:25.8544,31.724072
 2025-07-07 18:48:25.8545,31.724072
 2025-07-07 18:48:25.8546,31.724072
 2025-07-07 18:48:25.8547,31.731841
 2025-07-07 18:48:25.8548,31.73961
 2025-07-07 18:48:25.8549,31.73961
 2025-07-07 18:48:25.8550,31.73961
 2025-07-07 18:48:25.8551,31.747379
 2025-07-07 18:48:25.8552,31.755149
 2025-07-07 18:48:25.8553,31.755149
 2025-07-07 18:48:25.8554,31.762919
 2025-07-07 18:48:25.8555,31.739611
 2025-07-07 18:48:25.8556,31.731842
 2025-07-07 18:48:25.8557,31.724072
 2025-07-07 18:48:25.8558,31.724072
 2025-07-07 18:48:25.8559,31.724072
 2025-07-07 18:48:25.8560,31.73961
 2025-07-07 18:48:25.8561,31.73961
 2025-07-07 18:48:25.8562,31.731841
 2025-07-07 18:48:25.8563,31.73961
 2025-07-07 18:48:25.8564,31.731841
 2025-07-07 18:48:25.8565,31.73961
 2025-07-07 18:48:25.8566,31.755149
 2025-07-07 18:48:25.8567,31.747379
 2025-07-07 18:48:25.8568,31.747379
 2025-07-07 18:48:25.8569,31.747379
 2025-07-07 18:48:25.8570,31.73961
 2025-07-07 18:48:25.8571,31.724072
 2025-07-07 18:48:25.8572,31.731841
 2025-07-07 18:48:25.8573,31.731841
 2025-07-07 18:48:25.8574,31.724072
 2025-07-07 18:48:25.8575,31.731841
 2025-07-07 18:48:25.8576,31.716302
 2025-07-07 18:48:25.8577,31.708532
 2025-07-07 18:48:25.8578,31.716302
 2025-07-07 18:48:25.8579,31.724072
 2025-07-07 18:48:25.8580,31.724072
 2025-07-07 18:48:25.8581,31.724072
 2025-07-07 18:48:25.8582,31.724072
 2025-07-07 18:48:25.8583,31.716302
 2025-07-07 18:48:25.8584,31.716302
 2025-07-07 18:48:25.8585,31.716302
 2025-07-07 18:48:25.8586,31.700764
 2025-07-07 18:48:25.8587,31.716302
 2025-07-07 18:48:25.8588,31.724072
 2025-07-07 18:48:25.8589,31.731841
 2025-07-07 18:48:25.8590,31.73961
 2025-07-07 18:48:25.8591,31.73961
 2025-07-07 18:48:25.8592,31.755149
 2025-07-07 18:48:25.8593,31.762918
 2025-07-07 18:48:25.8594,31.762918
 2025-07-07 18:48:25.8595,31.762918
 2025-07-07 18:48:25.8596,31.762918
 2025-07-07 18:48:25.8597,31.762918
 2025-07-07 18:48:25.8598,31.755149
 2025-07-07 18:48:25.8599,31.755149
 2025-07-07 18:48:25.8600,31.74738
 2025-07-07 18:48:25.8601,31.74738
 2025-07-07 18:48:25.8602,31.731841
 2025-07-07 18:48:25.8603,31.724072
 2025-07-07 18:48:25.8604,31.716303
 2025-07-07 18:48:25.8605,31.724072
 2025-07-07 18:48:25.8606,31.708533
 2025-07-07 18:48:25.8607,31.708533
 2025-07-07 18:48:25.8608,31.716303
 2025-07-07 18:48:25.8609,31.708533
 2025-07-07 18:48:25.8610,31.700764
 2025-07-07 18:48:25.8611,31.692994
 2025-07-07 18:48:25.8612,31.677455
 2025-07-07 18:48:25.8613,31.669686
 2025-07-07 18:48:25.8614,31.661916
 2025-07-07 18:48:25.8615,31.669685
 2025-07-07 18:48:25.8616,31.654146
 2025-07-07 18:48:25.8617,31.669685
 2025-07-07 18:48:25.8618,31.669685
 2025-07-07 18:48:25.8619,31.661915
 2025-07-07 18:48:25.8620,31.669685
 2025-07-07 18:48:25.8621,31.661916
 2025-07-07 18:48:25.8622,31.669686
 2025-07-07 18:48:25.8623,31.685225
 2025-07-07 18:48:25.8624,31.700764
 2025-07-07 18:48:25.8625,31.708533
 2025-07-07 18:48:25.8626,31.700764
 2025-07-07 18:48:25.8627,31.708534
 2025-07-07 18:48:25.8628,31.708534
 2025-07-07 18:48:25.8629,31.716303
 2025-07-07 18:48:25.8630,31.724073
 2025-07-07 18:48:25.8631,31.731842
 2025-07-07 18:48:25.8632,31.747381
 2025-07-07 18:48:25.8633,31.747381
 2025-07-07 18:48:25.8634,31.739612
 2025-07-07 18:48:25.8635,31.731842
 2025-07-07 18:48:25.8636,31.731842
 2025-07-07 18:48:25.8637,31.739611
 2025-07-07 18:48:25.8638,31.739611
 2025-07-07 18:48:25.8639,31.739611
 2025-07-07 18:48:25.8640,31.716303
 2025-07-07 18:48:25.8641,31.716303
 2025-07-07 18:48:25.8642,31.700764
 2025-07-07 18:48:25.8643,31.700764
 2025-07-07 18:48:25.8644,31.708533
 2025-07-07 18:48:25.8645,31.700764
 2025-07-07 18:48:25.8646,31.700764
 2025-07-07 18:48:25.8647,31.700764
 2025-07-07 18:48:25.8648,31.692995
 2025-07-07 18:48:25.8649,31.692995
 2025-07-07 18:48:25.8650,31.685225
 2025-07-07 18:48:25.8651,31.692994
 2025-07-07 18:48:25.8652,31.692994
 2025-07-07 18:48:25.8653,31.708533
 2025-07-07 18:48:25.8654,31.700763
 2025-07-07 18:48:25.8655,31.692994
 2025-07-07 18:48:25.8656,31.700764
 2025-07-07 18:48:25.8657,31.708533
 2025-07-07 18:48:25.8658,31.708533
 2025-07-07 18:48:25.8659,31.708533
 2025-07-07 18:48:25.8660,31.708533
 2025-07-07 18:48:25.8661,31.724072
 2025-07-07 18:48:25.8662,31.724072
 2025-07-07 18:48:25.8663,31.731841
 2025-07-07 18:48:25.8664,31.731841
 2025-07-07 18:48:25.8665,31.739611
 2025-07-07 18:48:25.8666,31.739611
 2025-07-07 18:48:25.8667,31.739611
 2025-07-07 18:48:25.8668,31.739611
 2025-07-07 18:48:25.8669,31.74738
 2025-07-07 18:48:25.8670,31.74738
 2025-07-07 18:48:25.8671,31.755149
 2025-07-07 18:48:25.8672,31.74738
 2025-07-07 18:48:25.8673,31.762919
 2025-07-07 18:48:25.8674,31.75515
 2025-07-07 18:48:25.8675,31.739611
 2025-07-07 18:48:25.8676,31.739611
 2025-07-07 18:48:25.8677,31.739611
 2025-07-07 18:48:25.8678,31.731841
 2025-07-07 18:48:25.8679,31.73961
 2025-07-07 18:48:25.8680,31.731841
 2025-07-07 18:48:25.8681,31.731841
 2025-07-07 18:48:25.8682,31.724072
 2025-07-07 18:48:25.8683,31.724072
 2025-07-07 18:48:25.8684,31.724072
 2025-07-07 18:48:25.8685,31.716302
 2025-07-07 18:48:25.8686,31.731841
 2025-07-07 18:48:25.8687,31.731841
 2025-07-07 18:48:25.8688,31.731841
 2025-07-07 18:48:25.8689,31.731841
 2025-07-07 18:48:25.8690,31.724072
 2025-07-07 18:48:25.8691,31.716302
 2025-07-07 18:48:25.8692,31.708533
 2025-07-07 18:48:25.8693,31.708533
 2025-07-07 18:48:25.8694,31.708533
 2025-07-07 18:48:25.8695,31.708533
 2025-07-07 18:48:25.8696,31.716302
 2025-07-07 18:48:25.8697,31.708533
 2025-07-07 18:48:25.8698,31.700764
 2025-07-07 18:48:25.8699,31.692994
 2025-07-07 18:48:25.8700,31.700764
 2025-07-07 18:48:25.8701,31.692994
 2025-07-07 18:48:25.8702,31.716302
 2025-07-07 18:48:25.8703,31.716302
 2025-07-07 18:48:25.8704,31.716302
 2025-07-07 18:48:25.8705,31.724071
 2025-07-07 18:48:25.8706,31.700763
 2025-07-07 18:48:25.8707,31.700763
 2025-07-07 18:48:25.8708,31.700763
 2025-07-07 18:48:25.8709,31.716302
 2025-07-07 18:48:25.8710,31.716302
 2025-07-07 18:48:25.8711,31.716302
 2025-07-07 18:48:25.8712,31.724072
 2025-07-07 18:48:25.8713,31.708533
 2025-07-07 18:48:25.8714,31.708533
 2025-07-07 18:48:25.8715,31.700764
 2025-07-07 18:48:25.8716,31.677456
 2025-07-07 18:48:25.8717,31.692995
 2025-07-07 18:48:25.8718,31.685225
 2025-07-07 18:48:25.8719,31.685225
 2025-07-07 18:48:25.8720,31.669686
 2025-07-07 18:48:25.8721,31.677456
 2025-07-07 18:48:25.8722,31.677456
 2025-07-07 18:48:25.8723,31.669686
 2025-07-07 18:48:25.8724,31.669686
 2025-07-07 18:48:25.8725,31.669686
 2025-07-07 18:48:25.8726,31.677456
 2025-07-07 18:48:25.8727,31.685225
 2025-07-07 18:48:25.8728,31.685225
 2025-07-07 18:48:25.8729,31.685225
 2025-07-07 18:48:25.8730,31.685225
 2025-07-07 18:48:25.8731,31.692995
 2025-07-07 18:48:25.8732,31.700764
 2025-07-07 18:48:25.8733,31.692994
 2025-07-07 18:48:25.8734,31.692994
 2025-07-07 18:48:25.8735,31.692994
 2025-07-07 18:48:25.8736,31.700764
 2025-07-07 18:48:25.8737,31.700764
 2025-07-07 18:48:25.8738,31.716302
 2025-07-07 18:48:25.8739,31.724072
 2025-07-07 18:48:25.8740,31.73961
 2025-07-07 18:48:25.8741,31.73961
 2025-07-07 18:48:25.8742,31.73961
 2025-07-07 18:48:25.8743,31.731841
 2025-07-07 18:48:25.8744,31.755149
 2025-07-07 18:48:25.8745,31.770688
 2025-07-07 18:48:25.8746,31.770688
 2025-07-07 18:48:25.8747,31.770688
 2025-07-07 18:48:25.8748,31.778457
 2025-07-07 18:48:25.8749,31.762918
 2025-07-07 18:48:25.8750,31.747379
 2025-07-07 18:48:25.8751,31.724072
 2025-07-07 18:48:25.8752,31.724072
 2025-07-07 18:48:25.8753,31.731841
 2025-07-07 18:48:25.8754,31.731841
 2025-07-07 18:48:25.8755,31.724072
 2025-07-07 18:48:25.8756,31.708533
 2025-07-07 18:48:25.8757,31.708533
 2025-07-07 18:48:25.8758,31.716302
 2025-07-07 18:48:25.8759,31.700763
 2025-07-07 18:48:25.8760,31.708533
 2025-07-07 18:48:25.8761,31.716302
 2025-07-07 18:48:25.8762,31.724072
 2025-07-07 18:48:25.8763,31.716302
 2025-07-07 18:48:25.8764,31.708533
 2025-07-07 18:48:25.8765,31.700763
 2025-07-07 18:48:25.8766,31.692994
 2025-07-07 18:48:25.8767,31.700764
 2025-07-07 18:48:25.8768,31.708533
 2025-07-07 18:48:25.8769,31.700764
 2025-07-07 18:48:25.8770,31.716302
 2025-07-07 18:48:25.8771,31.700764
 2025-07-07 18:48:25.8772,31.700764
 2025-07-07 18:48:25.8773,31.708533
 2025-07-07 18:48:25.8774,31.708533
 2025-07-07 18:48:25.8775,31.716302
 2025-07-07 18:48:25.8776,31.708533
 2025-07-07 18:48:25.8777,31.716302
 2025-07-07 18:48:25.8778,31.716302
 2025-07-07 18:48:25.8779,31.692995
 2025-07-07 18:48:25.8780,31.700764
 2025-07-07 18:48:25.8781,31.685225
 2025-07-07 18:48:25.8782,31.700764
 2025-07-07 18:48:25.8783,31.692994
 2025-07-07 18:48:25.8784,31.692994
 2025-07-07 18:48:25.8785,31.700764
 2025-07-07 18:48:25.8786,31.692995
 2025-07-07 18:48:25.8787,31.708533
 2025-07-07 18:48:25.8788,31.700764
 2025-07-07 18:48:25.8789,31.700764
 2025-07-07 18:48:25.8790,31.724072
 2025-07-07 18:48:25.8791,31.708533
 2025-07-07 18:48:25.8792,31.724072
 2025-07-07 18:48:25.8793,31.724072
 2025-07-07 18:48:25.8794,31.724072
 2025-07-07 18:48:25.8795,31.724072
 2025-07-07 18:48:25.8796,31.716302
 2025-07-07 18:48:25.8797,31.708533
 2025-07-07 18:48:25.8798,31.700763
 2025-07-07 18:48:25.8799,31.700763
 2025-07-07 18:48:25.8800,31.700763
 2025-07-07 18:48:25.8801,31.692994
 2025-07-07 18:48:25.8802,31.708533
 2025-07-07 18:48:25.8803,31.708533
 2025-07-07 18:48:25.8804,31.708533
 2025-07-07 18:48:25.8805,31.716302
 2025-07-07 18:48:25.8806,31.700764
 2025-07-07 18:48:25.8807,31.708533
 2025-07-07 18:48:25.8808,31.708533
 2025-07-07 18:48:25.8809,31.716303
 2025-07-07 18:48:25.8810,31.716303
 2025-07-07 18:48:25.8811,31.700764
 2025-07-07 18:48:25.8812,31.700764
 2025-07-07 18:48:25.8813,31.692995
 2025-07-07 18:48:25.8814,31.685226
 2025-07-07 18:48:25.8815,31.669687
 2025-07-07 18:48:25.8816,31.661918
 2025-07-07 18:48:25.8817,31.692995
 2025-07-07 18:48:25.8818,31.677456
 2025-07-07 18:48:25.8819,31.692995
 2025-07-07 18:48:25.8820,31.685225
 2025-07-07 18:48:25.8821,31.661917
 2025-07-07 18:48:25.8822,31.677456
 2025-07-07 18:48:25.8823,31.669686
 2025-07-07 18:48:25.8824,31.677455
 2025-07-07 18:48:25.8825,31.669685
 2025-07-07 18:48:25.8826,31.685224
 2025-07-07 18:48:25.8827,31.700763
 2025-07-07 18:48:25.8828,31.685225
 2025-07-07 18:48:25.8829,31.708533
 2025-07-07 18:48:25.8830,31.700764
 2025-07-07 18:48:25.8831,31.716302
 2025-07-07 18:48:25.8832,31.73961
 2025-07-07 18:48:25.8833,31.73961
 2025-07-07 18:48:25.8834,31.74738
 2025-07-07 18:48:25.8835,31.739611
 2025-07-07 18:48:25.8836,31.739611
 2025-07-07 18:48:25.8837,31.731841
 2025-07-07 18:48:25.8838,31.724072
 2025-07-07 18:48:25.8839,31.724072
 2025-07-07 18:48:25.8840,31.724072
 2025-07-07 18:48:25.8841,31.716302
 2025-07-07 18:48:25.8842,31.708533
 2025-07-07 18:48:25.8843,31.716302
 2025-07-07 18:48:25.8844,31.708533
 2025-07-07 18:48:25.8845,31.724071
 2025-07-07 18:48:25.8846,31.716301
 2025-07-07 18:48:25.8847,31.73184
 2025-07-07 18:48:25.8848,31.73184
 2025-07-07 18:48:25.8849,31.739609
 2025-07-07 18:48:25.8850,31.755147
 2025-07-07 18:48:25.8851,31.731839
 2025-07-07 18:48:25.8852,31.739609
 2025-07-07 18:48:25.8853,31.731839
 2025-07-07 18:48:25.8854,31.731839
 2025-07-07 18:48:25.8855,31.747378
 2025-07-07 18:48:25.8856,31.739609
 2025-07-07 18:48:25.8857,31.747379
 2025-07-07 18:48:25.8858,31.73184
 2025-07-07 18:48:25.8859,31.747379
 2025-07-07 18:48:25.8860,31.73184
 2025-07-07 18:48:25.8861,31.724071
 2025-07-07 18:48:25.8862,31.73961
 2025-07-07 18:48:25.8863,31.73961
 2025-07-07 18:48:25.8864,31.755148
 2025-07-07 18:48:25.8865,31.755148
 2025-07-07 18:48:25.8866,31.747379
 2025-07-07 18:48:25.8867,31.731841
 2025-07-07 18:48:25.8868,31.73961
 2025-07-07 18:48:25.8869,31.747379
 2025-07-07 18:48:25.8870,31.73961
 2025-07-07 18:48:25.8871,31.74738
 2025-07-07 18:48:25.8872,31.739611
 2025-07-07 18:48:25.8873,31.739611
 2025-07-07 18:48:25.8874,31.739611
 2025-07-07 18:48:25.8875,31.739611
 2025-07-07 18:48:25.8876,31.739611
 2025-07-07 18:48:25.8877,31.739611
 2025-07-07 18:48:25.8878,31.75515
 2025-07-07 18:48:25.8879,31.747381
 2025-07-07 18:48:25.8880,31.747381
 2025-07-07 18:48:25.8881,31.739611
 2025-07-07 18:48:25.8882,31.739611
 2025-07-07 18:48:25.8883,31.739611
 2025-07-07 18:48:25.8884,31.739611
 2025-07-07 18:48:25.8885,31.739611
 2025-07-07 18:48:25.8886,31.716303
 2025-07-07 18:48:25.8887,31.708534
 2025-07-07 18:48:25.8888,31.700764
 2025-07-07 18:48:25.8889,31.692995
 2025-07-07 18:48:25.8890,31.692995
 2025-07-07 18:48:25.8891,31.700764
 2025-07-07 18:48:25.8892,31.708534
 2025-07-07 18:48:25.8893,31.708534
 2025-07-07 18:48:25.8894,31.708534
 2025-07-07 18:48:25.8895,31.708534
 2025-07-07 18:48:25.8896,31.708534
 2025-07-07 18:48:25.8897,31.716303
 2025-07-07 18:48:25.8898,31.716303
 2025-07-07 18:48:25.8899,31.731842
 2025-07-07 18:48:25.8900,31.739611
 2025-07-07 18:48:25.8901,31.724072
 2025-07-07 18:48:25.8902,31.716303
 2025-07-07 18:48:25.8903,31.716303
 2025-07-07 18:48:25.8904,31.724072
 2025-07-07 18:48:25.8905,31.73961
 2025-07-07 18:48:25.8906,31.724072
 2025-07-07 18:48:25.8907,31.724072
 2025-07-07 18:48:25.8908,31.731841
 2025-07-07 18:48:25.8909,31.731841
 2025-07-07 18:48:25.8910,31.724072
 2025-07-07 18:48:25.8911,31.708533
 2025-07-07 18:48:25.8912,31.731841
 2025-07-07 18:48:25.8913,31.731841
 2025-07-07 18:48:25.8914,31.73961
 2025-07-07 18:48:25.8915,31.731841
 2025-07-07 18:48:25.8916,31.692995
 2025-07-07 18:48:25.8917,31.708534
 2025-07-07 18:48:25.8918,31.716303
 2025-07-07 18:48:25.8919,31.716303
 2025-07-07 18:48:25.8920,31.716303
 2025-07-07 18:48:25.8921,31.700764
 2025-07-07 18:48:25.8922,31.716303
 2025-07-07 18:48:25.8923,31.708534
 2025-07-07 18:48:25.8924,31.716303
 2025-07-07 18:48:25.8925,31.700764
 2025-07-07 18:48:25.8926,31.700764
 2025-07-07 18:48:25.8927,31.716302
 2025-07-07 18:48:25.8928,31.716302
 2025-07-07 18:48:25.8929,31.708533
 2025-07-07 18:48:25.8930,31.716302
 2025-07-07 18:48:25.8931,31.716302
 2025-07-07 18:48:25.8932,31.724072
 2025-07-07 18:48:25.8933,31.716302
 2025-07-07 18:48:25.8934,31.724072
 2025-07-07 18:48:25.8935,31.708533
 2025-07-07 18:48:25.8936,31.700764
 2025-07-07 18:48:25.8937,31.700764
 2025-07-07 18:48:25.8938,31.708533
 2025-07-07 18:48:25.8939,31.708533
 2025-07-07 18:48:25.8940,31.708533
 2025-07-07 18:48:25.8941,31.685226
 2025-07-07 18:48:25.8942,31.685226
 2025-07-07 18:48:25.8943,31.685226
 2025-07-07 18:48:25.8944,31.685226
 2025-07-07 18:48:25.8945,31.677456
 2025-07-07 18:48:25.8946,31.661918
 2025-07-07 18:48:25.8947,31.685226
 2025-07-07 18:48:25.8948,31.677456
 2025-07-07 18:48:25.8949,31.685226
 2025-07-07 18:48:25.8950,31.685226
 2025-07-07 18:48:25.8951,31.669687
 2025-07-07 18:48:25.8952,31.685226
 2025-07-07 18:48:25.8953,31.685226
 2025-07-07 18:48:25.8954,31.700764
 2025-07-07 18:48:25.8955,31.700764
 2025-07-07 18:48:25.8956,31.700764
 2025-07-07 18:48:25.8957,31.731841
 2025-07-07 18:48:25.8958,31.731841
 2025-07-07 18:48:25.8959,31.74738
 2025-07-07 18:48:25.8960,31.739611
 2025-07-07 18:48:25.8961,31.74738
 2025-07-07 18:48:25.8962,31.755149
 2025-07-07 18:48:25.8963,31.762918
 2025-07-07 18:48:25.8964,31.762918
 2025-07-07 18:48:25.8965,31.747379
 2025-07-07 18:48:25.8966,31.747379
 2025-07-07 18:48:25.8967,31.73961
 2025-07-07 18:48:25.8968,31.731841
 2025-07-07 18:48:25.8969,31.716302
 2025-07-07 18:48:25.8970,31.708533
 2025-07-07 18:48:25.8971,31.685225
 2025-07-07 18:48:25.8972,31.677456
 2025-07-07 18:48:25.8973,31.685226
 2025-07-07 18:48:25.8974,31.669687
 2025-07-07 18:48:25.8975,31.654148
 2025-07-07 18:48:25.8976,31.646379
 2025-07-07 18:48:25.8977,31.646379
 2025-07-07 18:48:25.8978,31.654149
 2025-07-07 18:48:25.8979,31.646379
 2025-07-07 18:48:25.8980,31.654149
 2025-07-07 18:48:25.8981,31.63861
 2025-07-07 18:48:25.8982,31.661918
 2025-07-07 18:48:25.8983,31.661918
 2025-07-07 18:48:25.8984,31.646379
 2025-07-07 18:48:25.8985,31.661918
 2025-07-07 18:48:25.8986,31.64638
 2025-07-07 18:48:25.8987,31.654149
 2025-07-07 18:48:25.8988,31.654149
 2025-07-07 18:48:25.8989,31.661918
 2025-07-07 18:48:25.8990,31.677456
 2025-07-07 18:48:25.8991,31.669687
 2025-07-07 18:48:25.8992,31.677456
 2025-07-07 18:48:25.8993,31.677456
 2025-07-07 18:48:25.8994,31.669686
 2025-07-07 18:48:25.8995,31.677455
 2025-07-07 18:48:25.8996,31.661916
 2025-07-07 18:48:25.8997,31.700762
 2025-07-07 18:48:25.8998,31.692993
 2025-07-07 18:48:25.8999,31.700762
 2025-07-07 18:48:25.9000,31.685223
 2025-07-07 18:48:25.9001,31.677454
 2025-07-07 18:48:25.9002,31.685224
 2025-07-07 18:48:25.9003,31.692994
 2025-07-07 18:48:25.9004,31.692994
 2025-07-07 18:48:25.9005,31.700764
 2025-07-07 18:48:25.9006,31.692995
 2025-07-07 18:48:25.9007,31.692995
 2025-07-07 18:48:25.9008,31.692995
 2025-07-07 18:48:25.9009,31.708533
 2025-07-07 18:48:25.9010,31.708533
 2025-07-07 18:48:25.9011,31.700764
 2025-07-07 18:48:25.9012,31.692995
 2025-07-07 18:48:25.9013,31.692995
 2025-07-07 18:48:25.9014,31.685225
 2025-07-07 18:48:25.9015,31.677455
 2025-07-07 18:48:25.9016,31.654147
 2025-07-07 18:48:25.9017,31.661916
 2025-07-07 18:48:25.9018,31.669686
 2025-07-07 18:48:25.9019,31.654147
 2025-07-07 18:48:25.9020,31.654147
 2025-07-07 18:48:25.9021,31.630839
 2025-07-07 18:48:25.9022,31.638608
 2025-07-07 18:48:25.9023,31.654147
 2025-07-07 18:48:25.9024,31.646377
 2025-07-07 18:48:25.9025,31.646377
 2025-07-07 18:48:25.9026,31.654147
 2025-07-07 18:48:25.9027,31.677455
 2025-07-07 18:48:25.9028,31.692994
 2025-07-07 18:48:25.9029,31.700763
 2025-07-07 18:48:25.9030,31.716302
 2025-07-07 18:48:25.9031,31.716302
 2025-07-07 18:48:25.9032,31.731841
 2025-07-07 18:48:25.9033,31.73961
 2025-07-07 18:48:25.9034,31.731841
 2025-07-07 18:48:25.9035,31.755149
 2025-07-07 18:48:25.9036,31.739611
 2025-07-07 18:48:25.9037,31.74738
 2025-07-07 18:48:25.9038,31.73961
 2025-07-07 18:48:25.9039,31.731841
 2025-07-07 18:48:25.9040,31.724072
 2025-07-07 18:48:25.9041,31.708533
 2025-07-07 18:48:25.9042,31.716302
 2025-07-07 18:48:25.9043,31.708533
 2025-07-07 18:48:25.9044,31.708533
 2025-07-07 18:48:25.9045,31.708533
 2025-07-07 18:48:25.9046,31.692995
 2025-07-07 18:48:25.9047,31.716302
 2025-07-07 18:48:25.9048,31.700764
 2025-07-07 18:48:25.9049,31.708533
 2025-07-07 18:48:25.9050,31.708533
 2025-07-07 18:48:25.9051,31.700764
 2025-07-07 18:48:25.9052,31.700764
 2025-07-07 18:48:25.9053,31.700764
 2025-07-07 18:48:25.9054,31.708533
 2025-07-07 18:48:25.9055,31.716302
 2025-07-07 18:48:25.9056,31.716302
 2025-07-07 18:48:25.9057,31.716302
 2025-07-07 18:48:25.9058,31.724072
 2025-07-07 18:48:25.9059,31.731841
 2025-07-07 18:48:25.9060,31.731841
 2025-07-07 18:48:25.9061,31.731841
 2025-07-07 18:48:25.9062,31.731841
 2025-07-07 18:48:25.9063,31.74738
 2025-07-07 18:48:25.9064,31.731841
 2025-07-07 18:48:25.9065,31.747379
 2025-07-07 18:48:25.9066,31.73961
 2025-07-07 18:48:25.9067,31.73961
 2025-07-07 18:48:25.9068,31.73961
 2025-07-07 18:48:25.9069,31.73961
 2025-07-07 18:48:25.9070,31.747379
 2025-07-07 18:48:25.9071,31.73961
 2025-07-07 18:48:25.9072,31.73961
 2025-07-07 18:48:25.9073,31.755148
 2025-07-07 18:48:25.9074,31.747379
 2025-07-07 18:48:25.9075,31.770687
 2025-07-07 18:48:25.9076,31.747379
 2025-07-07 18:48:25.9077,31.747379
 2025-07-07 18:48:25.9078,31.762917
 2025-07-07 18:48:25.9079,31.762917
 2025-07-07 18:48:25.9080,31.762917
 2025-07-07 18:48:25.9081,31.755148
 2025-07-07 18:48:25.9082,31.762918
 2025-07-07 18:48:25.9083,31.762918
 2025-07-07 18:48:25.9084,31.755149
 2025-07-07 18:48:25.9085,31.770687
 2025-07-07 18:48:25.9086,31.747379
 2025-07-07 18:48:25.9087,31.755149
 2025-07-07 18:48:25.9088,31.755149
 2025-07-07 18:48:25.9089,31.731841
 2025-07-07 18:48:25.9090,31.73961
 2025-07-07 18:48:25.9091,31.731841
 2025-07-07 18:48:25.9092,31.724072
 2025-07-07 18:48:25.9093,31.731841
 2025-07-07 18:48:25.9094,31.73961
 2025-07-07 18:48:25.9095,31.747379
 2025-07-07 18:48:25.9096,31.716302
 2025-07-07 18:48:25.9097,31.724072
 2025-07-07 18:48:25.9098,31.724072
 2025-07-07 18:48:25.9099,31.724072
 2025-07-07 18:48:25.9100,31.73961
 2025-07-07 18:48:25.9101,31.724072
 2025-07-07 18:48:25.9102,31.724072
 2025-07-07 18:48:25.9103,31.724072
 2025-07-07 18:48:25.9104,31.716302
 2025-07-07 18:48:25.9105,31.716302
 2025-07-07 18:48:25.9106,31.685226
 2025-07-07 18:48:25.9107,31.692995
 2025-07-07 18:48:25.9108,31.685225
 2025-07-07 18:48:25.9109,31.692994
 2025-07-07 18:48:25.9110,31.700763
 2025-07-07 18:48:25.9111,31.677455
 2025-07-07 18:48:25.9112,31.685225
 2025-07-07 18:48:25.9113,31.685225
 2025-07-07 18:48:25.9114,31.692995
 2025-07-07 18:48:25.9115,31.685225
 2025-07-07 18:48:25.9116,31.654148
 2025-07-07 18:48:25.9117,31.677456
 2025-07-07 18:48:25.9118,31.677456
 2025-07-07 18:48:25.9119,31.677456
 2025-07-07 18:48:25.9120,31.677456
 2025-07-07 18:48:25.9121,31.661917
 2025-07-07 18:48:25.9122,31.677456
 2025-07-07 18:48:25.9123,31.677456
 2025-07-07 18:48:25.9124,31.677456
 2025-07-07 18:48:25.9125,31.692994
 2025-07-07 18:48:25.9126,31.700764
 2025-07-07 18:48:25.9127,31.724072
 2025-07-07 18:48:25.9128,31.724072
 2025-07-07 18:48:25.9129,31.731841
 2025-07-07 18:48:25.9130,31.739611
 2025-07-07 18:48:25.9131,31.724072
 2025-07-07 18:48:25.9132,31.731842
 2025-07-07 18:48:25.9133,31.731842
 2025-07-07 18:48:25.9134,31.731842
 2025-07-07 18:48:25.9135,31.724072
 2025-07-07 18:48:25.9136,31.692995
 2025-07-07 18:48:25.9137,31.692995
 2025-07-07 18:48:25.9138,31.685226
 2025-07-07 18:48:25.9139,31.677456
 2025-07-07 18:48:25.9140,31.661917
 2025-07-07 18:48:25.9141,31.654147
 2025-07-07 18:48:25.9142,31.669686
 2025-07-07 18:48:25.9143,31.669686
 2025-07-07 18:48:25.9144,31.677455
 2025-07-07 18:48:25.9145,31.669685
 2025-07-07 18:48:25.9146,31.669685
 2025-07-07 18:48:25.9147,31.669685
 2025-07-07 18:48:25.9148,31.661915
 2025-07-07 18:48:25.9149,31.669685
 2025-07-07 18:48:25.9150,31.661916
 2025-07-07 18:48:25.9151,31.654147
 2025-07-07 18:48:25.9152,31.654147
 2025-07-07 18:48:25.9153,31.638608
 2025-07-07 18:48:25.9154,31.638608
 2025-07-07 18:48:25.9155,31.623069
 2025-07-07 18:48:25.9156,31.630839
 2025-07-07 18:48:25.9157,31.638609
 2025-07-07 18:48:25.9158,31.654148
 2025-07-07 18:48:25.9159,31.669687
 2025-07-07 18:48:25.9160,31.661917
 2025-07-07 18:48:25.9161,31.669686
 2025-07-07 18:48:25.9162,31.685224
 2025-07-07 18:48:25.9163,31.685224
 2025-07-07 18:48:25.9164,31.700763
 2025-07-07 18:48:25.9165,31.692993
 2025-07-07 18:48:25.9166,31.700763
 2025-07-07 18:48:25.9167,31.700763
 2025-07-07 18:48:25.9168,31.700763
 2025-07-07 18:48:25.9169,31.692993
 2025-07-07 18:48:25.9170,31.677454
 2025-07-07 18:48:25.9171,31.669685
 2025-07-07 18:48:25.9172,31.677455
 2025-07-07 18:48:25.9173,31.685225
 2025-07-07 18:48:25.9174,31.685225
 2025-07-07 18:48:25.9175,31.677456
 2025-07-07 18:48:25.9176,31.669687
 2025-07-07 18:48:25.9177,31.669687
 2025-07-07 18:48:25.9178,31.669687
 2025-07-07 18:48:25.9179,31.669687
 2025-07-07 18:48:25.9180,31.669687
 2025-07-07 18:48:25.9181,31.661918
 2025-07-07 18:48:25.9182,31.669687
 2025-07-07 18:48:25.9183,31.669687
 2025-07-07 18:48:25.9184,31.661917
 2025-07-07 18:48:25.9185,31.654148
 2025-07-07 18:48:25.9186,31.63084
 2025-07-07 18:48:25.9187,31.661917
 2025-07-07 18:48:25.9188,31.661917
 2025-07-07 18:48:25.9189,31.654147
 2025-07-07 18:48:25.9190,31.646377
 2025-07-07 18:48:25.9191,31.638608
 2025-07-07 18:48:25.9192,31.654147
 2025-07-07 18:48:25.9193,31.661917
 2025-07-07 18:48:25.9194,31.661917
 2025-07-07 18:48:25.9195,31.677456
 2025-07-07 18:48:25.9196,31.669687
 2025-07-07 18:48:25.9197,31.700764
 2025-07-07 18:48:25.9198,31.692995
 2025-07-07 18:48:25.9199,31.685225
 2025-07-07 18:48:25.9200,31.700764
 2025-07-07 18:48:25.9201,31.700764
 2025-07-07 18:48:25.9202,31.716302
 2025-07-07 18:48:25.9203,31.708533
 2025-07-07 18:48:25.9204,31.700763
 2025-07-07 18:48:25.9205,31.685224
 2025-07-07 18:48:25.9206,31.661916
 2025-07-07 18:48:25.9207,31.685224
 2025-07-07 18:48:25.9208,31.677455
 2025-07-07 18:48:25.9209,31.677455
 2025-07-07 18:48:25.9210,31.692994
 2025-07-07 18:48:25.9211,31.677455
 2025-07-07 18:48:25.9212,31.685225
 2025-07-07 18:48:25.9213,31.677455
 2025-07-07 18:48:25.9214,31.685225
 2025-07-07 18:48:25.9215,31.692995
 2025-07-07 18:48:25.9216,31.685226
 2025-07-07 18:48:25.9217,31.692995
 2025-07-07 18:48:25.9218,31.700764
 2025-07-07 18:48:25.9219,31.692994
 2025-07-07 18:48:25.9220,31.716301
 2025-07-07 18:48:25.9221,31.685224
 2025-07-07 18:48:25.9222,31.692994
 2025-07-07 18:48:25.9223,31.692994
 2025-07-07 18:48:25.9224,31.700764
 2025-07-07 18:48:25.9225,31.700764
 2025-07-07 18:48:25.9226,31.692994
 2025-07-07 18:48:25.9227,31.724071
 2025-07-07 18:48:25.9228,31.724071
 2025-07-07 18:48:25.9229,31.724071
 2025-07-07 18:48:25.9230,31.73961
 2025-07-07 18:48:25.9231,31.700764
 2025-07-07 18:48:25.9232,31.724072
 2025-07-07 18:48:25.9233,31.716302
 2025-07-07 18:48:25.9234,31.724071
 2025-07-07 18:48:25.9235,31.73184
 2025-07-07 18:48:25.9236,31.72407
 2025-07-07 18:48:25.9237,31.72407
 2025-07-07 18:48:25.9238,31.72407
 2025-07-07 18:48:25.9239,31.73184
 2025-07-07 18:48:25.9240,31.73184
 2025-07-07 18:48:25.9241,31.708532
 2025-07-07 18:48:25.9242,31.716302
 2025-07-07 18:48:25.9243,31.716302
 2025-07-07 18:48:25.9244,31.724072
 2025-07-07 18:48:25.9245,31.724072
 2025-07-07 18:48:25.9246,31.692995
 2025-07-07 18:48:25.9247,31.700764
 2025-07-07 18:48:25.9248,31.716303
 2025-07-07 18:48:25.9249,31.708534
 2025-07-07 18:48:25.9250,31.716303
 2025-07-07 18:48:25.9251,31.685226
 2025-07-07 18:48:25.9252,31.700765
 2025-07-07 18:48:25.9253,31.708534
 2025-07-07 18:48:25.9254,31.700764
 2025-07-07 18:48:25.9255,31.700764
 2025-07-07 18:48:25.9256,31.677456
 2025-07-07 18:48:25.9257,31.700764
 2025-07-07 18:48:25.9258,31.708533
 2025-07-07 18:48:25.9259,31.692995
 2025-07-07 18:48:25.9260,31.700764
 2025-07-07 18:48:25.9261,31.685225
 2025-07-07 18:48:25.9262,31.716302
 2025-07-07 18:48:25.9263,31.716302
 2025-07-07 18:48:25.9264,31.700763
 2025-07-07 18:48:25.9265,31.708533
 2025-07-07 18:48:25.9266,31.716302
 2025-07-07 18:48:25.9267,31.73961
 2025-07-07 18:48:25.9268,31.73184
 2025-07-07 18:48:25.9269,31.724071
 2025-07-07 18:48:25.9270,31.73961
 2025-07-07 18:48:25.9271,31.716302
 2025-07-07 18:48:25.9272,31.724072
 2025-07-07 18:48:25.9273,31.716302
 2025-07-07 18:48:25.9274,31.716302
 2025-07-07 18:48:25.9275,31.73961
 2025-07-07 18:48:25.9276,31.731841
 2025-07-07 18:48:25.9277,31.724072
 2025-07-07 18:48:25.9278,31.716302
 2025-07-07 18:48:25.9279,31.724072
 2025-07-07 18:48:25.9280,31.724072
 2025-07-07 18:48:25.9281,31.708533
 2025-07-07 18:48:25.9282,31.716302
 2025-07-07 18:48:25.9283,31.716301
 2025-07-07 18:48:25.9284,31.72407
 2025-07-07 18:48:25.9285,31.73184
 2025-07-07 18:48:25.9286,31.72407
 2025-07-07 18:48:25.9287,31.731839
 2025-07-07 18:48:25.9288,31.72407
 2025-07-07 18:48:25.9289,31.72407
 2025-07-07 18:48:25.9290,31.73184
 2025-07-07 18:48:25.9291,31.739609
 2025-07-07 18:48:25.9292,31.72407
 2025-07-07 18:48:25.9293,31.724071
 2025-07-07 18:48:25.9294,31.731841
 2025-07-07 18:48:25.9295,31.731841
 2025-07-07 18:48:25.9296,31.724072
 2025-07-07 18:48:25.9297,31.731841
 2025-07-07 18:48:25.9298,31.724072
 2025-07-07 18:48:25.9299,31.731842
 2025-07-07 18:48:25.9300,31.739611
 2025-07-07 18:48:25.9301,31.716303
 2025-07-07 18:48:25.9302,31.716303
 2025-07-07 18:48:25.9303,31.731842
 2025-07-07 18:48:25.9304,31.731842
 2025-07-07 18:48:25.9305,31.724072
 2025-07-07 18:48:25.9306,31.708533
 2025-07-07 18:48:25.9307,31.708533
 2025-07-07 18:48:25.9308,31.708533
 2025-07-07 18:48:25.9309,31.724072
 2025-07-07 18:48:25.9310,31.724072
 2025-07-07 18:48:25.9311,31.708533
 2025-07-07 18:48:25.9312,31.724072
 2025-07-07 18:48:25.9313,31.716302
 2025-07-07 18:48:25.9314,31.716302
 2025-07-07 18:48:25.9315,31.731841
 2025-07-07 18:48:25.9316,31.716302
 2025-07-07 18:48:25.9317,31.724072
 2025-07-07 18:48:25.9318,31.716302
 2025-07-07 18:48:25.9319,31.716302
 2025-07-07 18:48:25.9320,31.708533
 2025-07-07 18:48:25.9321,31.692995
 2025-07-07 18:48:25.9322,31.700764
 2025-07-07 18:48:25.9323,31.692995
 2025-07-07 18:48:25.9324,31.700764
 2025-07-07 18:48:25.9325,31.692994
 2025-07-07 18:48:25.9326,31.677456
 2025-07-07 18:48:25.9327,31.700764
 2025-07-07 18:48:25.9328,31.692994
 2025-07-07 18:48:25.9329,31.708533
 2025-07-07 18:48:25.9330,31.708533
 2025-07-07 18:48:25.9331,31.692994
 2025-07-07 18:48:25.9332,31.700763
 2025-07-07 18:48:25.9333,31.692993
 2025-07-07 18:48:25.9334,31.708532
 2025-07-07 18:48:25.9335,31.692993
 2025-07-07 18:48:25.9336,31.685224
 2025-07-07 18:48:25.9337,31.685224
 2025-07-07 18:48:25.9338,31.685224
 2025-07-07 18:48:25.9339,31.700763
 2025-07-07 18:48:25.9340,31.677455
 2025-07-07 18:48:25.9341,31.654147
 2025-07-07 18:48:25.9342,31.677455
 2025-07-07 18:48:25.9343,31.685225
 2025-07-07 18:48:25.9344,31.692995
 2025-07-07 18:48:25.9345,31.677456
 2025-07-07 18:48:25.9346,31.677456
 2025-07-07 18:48:25.9347,31.700764
 2025-07-07 18:48:25.9348,31.692994
 2025-07-07 18:48:25.9349,31.692994
 2025-07-07 18:48:25.9350,31.669686
 2025-07-07 18:48:25.9351,31.661917
 2025-07-07 18:48:25.9352,31.692994
 2025-07-07 18:48:25.9353,31.685225
 2025-07-07 18:48:25.9354,31.685225
 2025-07-07 18:48:25.9355,31.677455
 2025-07-07 18:48:25.9356,31.677455
 2025-07-07 18:48:25.9357,31.692994
 2025-07-07 18:48:25.9358,31.685225
 2025-07-07 18:48:25.9359,31.692995
 2025-07-07 18:48:25.9360,31.692995
 2025-07-07 18:48:25.9361,31.708533
 2025-07-07 18:48:25.9362,31.73961
 2025-07-07 18:48:25.9363,31.731841
 2025-07-07 18:48:25.9364,31.731841
 2025-07-07 18:48:25.9365,31.73961
 2025-07-07 18:48:25.9366,31.73961
 2025-07-07 18:48:25.9367,31.755149
 2025-07-07 18:48:25.9368,31.74738
 2025-07-07 18:48:25.9369,31.74738
 2025-07-07 18:48:25.9370,31.731841
 2025-07-07 18:48:25.9371,31.708533
 2025-07-07 18:48:25.9372,31.708533
 2025-07-07 18:48:25.9373,31.692995
 2025-07-07 18:48:25.9374,31.685225
 2025-07-07 18:48:25.9375,31.677456
 2025-07-07 18:48:25.9376,31.654148
 2025-07-07 18:48:25.9377,31.661918
 2025-07-07 18:48:25.9378,31.654149
 2025-07-07 18:48:25.9379,31.646379
 2025-07-07 18:48:25.9380,31.638609
 2025-07-07 18:48:25.9381,31.646378
 2025-07-07 18:48:25.9382,31.669686
 2025-07-07 18:48:25.9383,31.646378
 2025-07-07 18:48:25.9384,31.646378
 2025-07-07 18:48:25.9385,31.638609
 2025-07-07 18:48:25.9386,31.630839
 2025-07-07 18:48:25.9387,31.646378
 2025-07-07 18:48:25.9388,31.646378
 2025-07-07 18:48:25.9389,31.646378
 2025-07-07 18:48:25.9390,31.654148
 2025-07-07 18:48:25.9391,31.661918
 2025-07-07 18:48:25.9392,31.669687
 2025-07-07 18:48:25.9393,31.669687
